-321746
-114949
-981918
526222
-708031
-956661
228093
631212
367103
-289347
-71022
791481
-613853
-554200
-267476
341587
-3993
-781151
-616069
-903020
-515127
965831
677460
210172
566093
-72440
94308
-306539
391788
264809
-583861
-867679
-26068
573839
-366445
-464949
-432972
99105
-760976
837346
-62115
627683
755257
-331495
266636
-959872
-756567
-345455
121434
228519
-75941
99957
534870
195135
-92230
-77085
19022
294060
830857
-324984
10938
997661
-95095
727742
-64885
-280392
-11640
-152996
-515862
-889238
-791127
-236013
-209003
-614717
540719
524430
-801381
734968
793967
457614
61209
404176
-553977
-236501
868475
883087
202003
-2150
-765357
-151067
-406387
514335
891236
-95698
95288
-569685
184951
747618
219433
947888
826307
-601878
-310052
216308
358971
-435209
692419
87826
-467554
641143
481195
38549
101418
-95062
592841
437800
780902
925540
-304728
62676
-642702
-260742
198552
396332
-539943
716332
-92154
-87283
413438
132459
454697
-761067
-9543
-981074
-614686
135957
-925960
840356
-332884
-106293
-134863
-477413
-508992
-704796
-444902
753425
965834
972287
76200
190255
887522
54769
90127
-607799
44772
616768
-587046
548063
410944
-500370
150237
732438
-297100
-768202
198232
553406
67759
-893981
305780
312396
-740341
188533
873436
307649
664700
-791938
-928242
487059
-278269
834398
730053
390441
-464120
328962
-282451
-542653
641293
954904
205614
-86895
577598
384278
-354120
-169300
-805462
645947
-931887
170579
-65091
309872
86939
259726
299240
-443933
105765
-706544
782455
-742969
-546604
-460558
295119
792020
-680739
930453
760960
646702
-676082
162910
360569
288514
-316440
688947
632234
-684883
611281
-603390
931993
-452990
-73507
291197
362863
607340
105613
680404
-33129
199406
296203
37343
712861
-386956
-235824
873603
-369531
59235
-65058
961254
627903
-931653
-870630
-87350
859754
607137
754542
702398
488064
517969
153999
103620
-983541
-139980
-712280
137617
-860815
-624831
-790019
134524
394096
355656
591991
607924
-229101
362484
517063
-467709
-282633
26207
139798
-571117
-122384
5679
315452
816348
-188419
177503
-2048
-823163
524886
-194955
975591
-459855
-255044
783165
-458195
108122
-665956
590865
184034
-853885
7148
-640011
-817846
-124774
946613
126141
949074
-56998
-408299
252122
-967707
-12262
-936967
783764
956628
-687492
-725627
-864595
-773735
626263
555839
122604
602068
685682
898106
513509
344788
-554991
447870
642897
-327712
924232
189982
139504
-720729
147504
30083
284449
-119643
-999043
-732499
262557
-953928
-521973
519259
-358555
359605
929302
6545
-537003
610859
594972
-576672
90083
89337
942402
-322512
225902
-98049
-991630
902637
99214
-487811
875035
-987355
-942879
-470204
840270
142304
-133950
663436
-116415
764014
526200
251482
240584
197341
559703
679913
482646
221197
549024
-294742
677146
730871
-420818
-252018
928181
-752956
-185717
898240
652082
683260
20031
113233
806387
232821
-326369
-909608
298371
-535576
497998
-909917
243816
-414440
654862
760491
283745
500159
255377
-485579
382500
830898
-904210
-519547
49092
-384754
927861
756367
29075
-938981
-686899
574487
-563292
425044
-270659
-45344
607949
-566435
36863
-250822
-271137
-49047
152782
289965
-367994
851631
-760978
-459500
-252793
726185
-383952
989298
-393773
-428538
881461
789418
-186775
-324530
246649
-463014
488823
-106253
884420
-457597
-696733
302952
-712414
-48538
735169
979279
545749
990445
-291094
-445368
317636
633817
12195
-673498
486145
-699920
160115
750139
260695
630223
267811
-80373
720953
412952
-314397
141749
-230377
-62841
185251
-929197
-762500
155977
677033
804876
-14180
612209
867681
29935
-961173
-616727
-797730
752473
190233
472781
-667969
781770
-6728
-358116
-907272
-496231
-180008
-866479
898134
16648
427933
940276
-835700
-180422
298965
759491
-932564
-312707
820696
271644
-272549
-763758
-31851
-216357
679315
-492567
-487462
-316045
759325
-338998
328278
343625
-89667
-214237
-900213
292093
-658888
135002
-964700
-75042
-552011
-921291
-587155
291859
-147232
-128464
390250
319700
443872
-233041
-143524
-180574
640773
-312411
-225700
-512509
-499448
555190
364271
911684
207569
-421199
-159611
-958560
-16499
-238812
-125818
-518940
-980354
714901
-179961
-499332
599585
-952821
-852157
364346
451507
272708
325458
222060
729372
-894991
-519494
577393
275453
-776537
-253661
1938
791631
637972
918956
191377
-414352
781220
-785732
-807059
90978
-244724
334760
376247
759401
115147
-434387
269427
480526
4461
-755168
-923061
16791
36808
-231770
424627
897843
928505
-341221
-511713
-890479
-23905
187551
915748
-138796
460965
656453
829122
-330267
76323
-996599
449021
-798276
689359
-348621
-135109
-811705
283729
-492770
-91846
-850780
677136
317344
-197973
321929
-126225
-890259
-951015
-936659
666292
626350
662404
890022
-292434
-538082
703137
-71933
203977
713007
230561
-600332
643089
222231
443379
-23794
-644597
715281
-524617
-182432
-205483
-742458
525197
374303
558102
206843
-700089
-768325
-557257
-240829
813219
-628914
-603504
-812345
673050
-379670
907492
-40040
734899
-384328
-156544
-424587
784051
491689
-503559
-801934
551065
-574904
-166166
-88156
469521
-484542
-549373
-461378
111170
-775818
-757548
-336529
86860
-643687
-436840
3784
927471
163889
274999
-976101
226435
-444967
930821
-869208
152852
-762074
-320651
444567
675458
-531781
442035
-352484
219235
629816
30084
514854
942603
96820
952623
920834
840536
-886696
248036
219979
91941
-665899
196155
-324882
541008
214212
656792
703671
-47159
-618413
878780
-248180
-715373
128030
594533
653306
152951
-189009
-211558
-493410
-737422
-566937
464227
100860
-798031
880090
-746572
334751
569103
-747884
-730664
-844111
608996
-631774
19683
848753
-289366
-301162
588845
818374
-705797
761706
330288
241435
521095
-120247
425528
-401796
708177
785165
-146869
-14507
692020
946082
-113277
790218
-468260
-386976
134393
-251504
980905
-399459
603458
415491
-638441
-60597
-443968
726943
-688389
323734
-514684
-48711
-588209
306045
180962
-284919
-385340
133994
137899
436391
420147
495977
-831527
-314247
-984768
928519
-921399
319940
-915719
836047
-327324
714656
816009
-352699
119153
-603903
95644
-346225
52341
441786
119726
690280
-720429
-43391
-827228
310723
225093
-465333
-648977
-705392
-656265
-919815
353327
877647
-137522
32079
418181
-883248
-426262
-542895
-2848
187276
539182
-650808
-488775
-603186
388101
-141873
-342953
-124806
795963
-968951
-491546
-842467
-783188
675620
-924359
-813370
407662
-589561
472135
-400022
-380794
681016
858223
43764
876669
-754451
-651710
989466
437310
27657
759244
-954653
956593
-30297
-93864
-835684
-667435
-233563
36771
-717843
542813
-623736
857792
-354891
846353
-126455
-322530
-126719
-288847
-509717
104280
-958048
817355
227549
34867
-9096
456595
-729301
79243
316712
380538
-16836
-12752
-230701
652891
-484237
-836387
-31846
-905692
788288
135532
-345671
-210499
-164044
-381679
-636768
225450
60186
819017
-166615
90878
731510
10671
224894
-207140
-360631
357337
2555
-106728
-353839
611730
-307328
980202
594372
717361
-508137
616130
779878
979454
-253451
41646
-67861
182160
140041
694945
242120
7528
603778
-553556
-912785
-161247
937684
-879944
-288663
963592
-414741
697937
54150
595340
-753871
-450592
23045
-603517
-75140
922463
-87679
-988010
-649480
-288671
-226264
191736
-629582
344390
-9105
-32076
-203229
-59889
996963
-174148
630825
-282168
500690
748586
635004
-485797
147667
