-999043
-996599
-991630
-988010
-987355
-984768
-983541
-981918
-981074
-980354
-976101
-968951
-967707
-964700
-961173
-959872
-958560
-958048
-956661
-954653
-953928
-952821
-951015
-942879
-938981
-936967
-936659
-932564
-931887
-931653
-929197
-928242
-925960
-924359
-923061
-921399
-921291
-919815
-915719
-912785
-909917
-909608
-907272
-905692
-904210
-903020
-900213
-894991
-893981
-890479
-890259
-889238
-886696
-883248
-879944
-870630
-869208
-867679
-866479
-864595
-860815
-853885
-852157
-850780
-844111
-842467
-836387
-835700
-835684
-831527
-827228
-823163
-817846
-813370
-812345
-811705
-807059
-805462
-801934
-801381
-798276
-798031
-797730
-791938
-791127
-790019
-785732
-783188
-781151
-776537
-775818
-773735
-768325
-768202
-765357
-763758
-762500
-762074
-761067
-760978
-760976
-757548
-756567
-755168
-754451
-753871
-752956
-747884
-746572
-742969
-742458
-740341
-737422
-732499
-730664
-729301
-725627
-720729
-720429
-717843
-715373
-712414
-712280
-708031
-706544
-705797
-705392
-704796
-700089
-699920
-696733
-688389
-687492
-686899
-684883
-680739
-676082
-673498
-667969
-667435
-665956
-665899
-658888
-656265
-651710
-650808
-649480
-648977
-644597
-643687
-642702
-640011
-638441
-636768
-631774
-629582
-628914
-624831
-623736
-618413
-616727
-616069
-614717
-614686
-613853
-607799
-603903
-603517
-603504
-603390
-603186
-601878
-600332
-589561
-588209
-587155
-587046
-583861
-576672
-574904
-571117
-569685
-566937
-566435
-563292
-557257
-554991
-554200
-553977
-553556
-552011
-549373
-546604
-542895
-542653
-539943
-538082
-537003
-535576
-531781
-524617
-521973
-519547
-519494
-518940
-515862
-515127
-514684
-512509
-511713
-509717
-508992
-508137
-503559
-500370
-499448
-499332
-496231
-493410
-492770
-492567
-491546
-488775
-487811
-487462
-485797
-485579
-484542
-484237
-477413
-470204
-468260
-467709
-467554
-465333
-464949
-464120
-463014
-461378
-460558
-459855
-459500
-458195
-457597
-452990
-450592
-445368
-444967
-444902
-443968
-443933
-436840
-435209
-434387
-432972
-428538
-426262
-424587
-421199
-420818
-414741
-414440
-414352
-408299
-406387
-401796
-400022
-399459
-393773
-386976
-386956
-385340
-384754
-384328
-383952
-381679
-380794
-379670
-369531
-367994
-366445
-360631
-358555
-358116
-354891
-354120
-353839
-352699
-352484
-348621
-346225
-345671
-345455
-342953
-341221
-338998
-336529
-332884
-331495
-330267
-327712
-327324
-326369
-324984
-324882
-324530
-322530
-322512
-321746
-320651
-316440
-316045
-314397
-314247
-312707
-312411
-310052
-307328
-306539
-304728
-301162
-297100
-294742
-292434
-291094
-289366
-289347
-288847
-288671
-288663
-284919
-282633
-282451
-282168
-280392
-278269
-272549
-271137
-270659
-267476
-260742
-255044
-253661
-253451
-252793
-252018
-251504
-250822
-248180
-244724
-240829
-238812
-236501
-236013
-235824
-233563
-233041
-231770
-230701
-230377
-229101
-226264
-225700
-216357
-214237
-211558
-210499
-209003
-207140
-205483
-203229
-197973
-194955
-189009
-188419
-186775
-185717
-182432
-180574
-180422
-180008
-179961
-174148
-169300
-166615
-166166
-164044
-161247
-159611
-156544
-152996
-151067
-147232
-146869
-143524
-141873
-139980
-138796
-137522
-135109
-134863
-133950
-128464
-126719
-126455
-126225
-125818
-124806
-124774
-122384
-120247
-119643
-116415
-114949
-113277
-106728
-106293
-106253
-98049
-95698
-95095
-95062
-93864
-92230
-92154
-91846
-89667
-88156
-87679
-87350
-87283
-86895
-80373
-77085
-75941
-75140
-75042
-73507
-72440
-71933
-71022
-67861
-65091
-65058
-64885
-62841
-62115
-60597
-59889
-56998
-49047
-48711
-48538
-47159
-45344
-43391
-40040
-33129
-32076
-31851
-31846
-30297
-26068
-23905
-23794
-16836
-16499
-14507
-14180
-12752
-12262
-11640
-9543
-9105
-9096
-6728
-3993
-2848
-2150
-2048
1938
2555
3784
4461
5679
6545
7148
7528
10671
10938
12195
16648
16791
19022
19683
20031
23045
26207
27657
29075
29935
30083
30084
32079
34867
36771
36808
36863
37343
38549
41646
43764
44772
49092
52341
54150
54769
59235
60186
61209
62676
67759
76200
76323
79243
86860
86939
87826
89337
90083
90127
90878
90978
91941
94308
95288
95644
96820
99105
99214
99957
100860
101418
103620
104280
105613
105765
108122
111170
113233
115147
119153
119726
121434
122604
126141
128030
132459
133994
134393
134524
135002
135532
135957
137617
137899
139504
139798
140041
141749
142304
147504
147667
150237
152782
152852
152951
153999
155977
160115
162910
163889
170579
177503
180962
182160
184034
184951
185251
187276
187551
188533
189982
190233
190255
191377
191736
195135
196155
197341
198232
198552
199406
202003
203977
205614
206843
207569
210172
214212
216308
219235
219433
219979
221197
222060
222231
224894
225093
225450
225902
226435
227549
228093
228519
230561
232821
240584
241435
242120
243816
246649
248036
251482
252122
255377
259726
260695
262557
264809
266636
267811
269427
271644
272708
274999
275453
283729
283745
284449
288514
289965
291197
291859
292093
294060
295119
296203
298371
298965
299240
302952
305780
306045
307649
309872
310723
312396
315452
316712
317344
317636
319700
319940
321929
323734
325458
328278
328962
330288
334751
334760
341587
343625
344390
344788
353327
355656
357337
358971
359605
360569
362484
362863
364271
364346
367103
374303
376247
380538
382500
384278
388101
390250
390441
391788
394096
396332
404176
407662
410944
412952
413438
415491
418181
420147
424627
425044
425528
427933
436391
437310
437800
441786
442035
443379
443872
444567
447870
449021
451507
454697
456595
457614
460965
464227
469521
472135
472781
480526
481195
482646
486145
487059
488064
488823
491689
495977
497998
500159
500690
513509
514335
514854
517063
517969
519259
521095
524430
524886
525197
526200
526222
534870
539182
540719
541008
542813
545749
548063
549024
551065
553406
555190
555839
558102
559703
566093
569103
573839
574487
577393
577598
588845
590865
591991
592841
594372
594533
594972
595340
599585
602068
603458
603778
607137
607340
607924
607949
608996
610859
611281
611730
612209
616130
616768
626263
626350
627683
627903
629816
630223
630825
631212
632234
633817
635004
637972
640773
641143
641293
642897
643089
645947
646702
652082
652891
653306
654862
656453
656792
662404
663436
664700
666292
673050
675458
675620
677033
677136
677146
677460
679315
679913
680404
681016
683260
685682
688947
689359
690280
692020
692419
694945
697937
702398
703137
703671
708177
712861
713007
714656
714901
715281
716332
717361
720953
726185
726943
727742
729372
730053
730871
731510
732438
734899
734968
735169
747618
748586
750139
752473
753425
754542
755257
756367
759244
759325
759401
759491
760491
760960
761706
764014
779878
780902
781220
781770
782455
783165
783764
784051
785165
788288
789418
790218
791481
791631
792020
793967
795963
804876
806387
813219
816009
816348
817355
818374
819017
820696
826307
829122
830857
830898
834398
836047
837346
840270
840356
840536
846353
848753
851631
857792
858223
859754
867681
868475
873436
873603
875035
876669
877647
878780
880090
881461
883087
884420
887522
890022
891236
897843
898106
898134
898240
902637
907492
911684
915748
918956
920834
922463
924232
925540
927471
927861
928181
928505
928519
929302
930453
930821
931993
937684
940276
942402
942603
946082
946613
947888
949074
952623
954904
956593
956628
961254
963592
965831
965834
972287
975591
979279
979454
980202
980905
989298
989466
990445
996963
997661
